3
150 100
0 200 400 
200 0 200 
400 200 0
3 11
2 5
6 15
36
EP 1 1 3 600 1
EP 2 2 3 214 2
EP 3 3 2 600 1
EP 4 4 3 533 3
EP 6 5 3 945 1
EP 6 6 1 600 12
SP 6 7 2 200 0
SP 8 8 2 214 0
EP 9 9 1 200 1
EP 10 10 3 400 6
EP 12 11 1 945 4
SP 16 12 1 200 0
EP 18 13 3 214 1
SP 18 14 1 400 0
EP 20 15 3 533 2
SP 20 16 2 533 0
EP 22 17 2 533 3
SP 25 18 2 214 0
EP 30 19 2 200 1
EP 31 20 3 533 2
EP 31 21 1 400 2
EP 32 22 3 400 9
EP 32 23 1 600 1
SP 33 24 3 533 0
EP 33 25 2 214 10
EP 43 26 2 600 5
NP 44 27 2 214 0
NP 47 28 3 600 0
NP 57 29 1 945 0
NP 58 30 2 533 0
EP 59 31 1 214 5
NP 60 32 3 945 0
EP 62 33 1 400 1
EP 75 34 4 945 7
EP 78 35 3 400 1
EP 80 36 2 200 3
1
7 6 1