5
150 100
0 739 820 928 1284 
739 0 739 820 928
820 739 0 739 820
928 820 739 0 739
1284 928 820 739 0
2 7
10 17
6 13
30 45
12 6
50
NP 1 1 3 928 0
NP 2 2 3 214 0
NP 3 3 2 928 0
EP 4 4 3 533 3
SP 6 5 3 945 0
EP 6 6 1 928 12
SP 6 7 2 739 0
SP 8 8 2 214 0
EP 9 9 1 739 1
SP 10 10 3 820 0
EP 12 11 1 945 4
SP 16 12 1 739 0
EP 18 13 3 214 1
SP 18 14 1 820 0
EP 20 15 3 533 2
SP 20 16 2 533 0
EP 22 17 2 533 3
SP 25 18 2 214 0
EP 30 19 2 739 1
NP 31 20 3 533 0
NP 31 21 1 820 0
NP 32 22 3 820 0
SP 32 23 1 928 0
SP 33 24 3 533 0
EP 33 25 2 214 10
EP 43 26 2 928 5
SP 44 27 2 214 0
NP 47 28 3 928 0
NP 57 29 1 945 0
SP 58 30 2 533 0
NP 59 31 1 214 0
NP 60 32 3 945 0
SP 62 33 1 820 0
SP 75 34 4 945 0
NP 78 35 3 820 0
NP 80 36 2 739 0
NP 83 37 3 533 0
SP 85 38 1 820 0
EP 89 39 3 820 9
EP 92 40 1 928 1
SP 93 41 3 533 0
EP 93 42 2 214 10
EP 93 43 2 928 5
NP 94 44 2 214 0
NP 97 45 3 928 0
SP 99 46 1 945 0
SP 101 47 2 533 0
NP 104 48 1 214 0
SP 110 49 3 945 0
EP 113 50 1 820 1
12
2 2 3
6 6 1
10 9 1
17 12 1
26 18 1
35 22 2
34 25 2
50 28 3
57 29 1
82 36 2
94 40 1
115 49 3