3
150 100
0 200 400 
200 0 200 
400 200 0
3 11
2 5
6 15
36
NP 1 1 3 600 0
NP 2 2 3 214 0
NP 3 3 2 600 0
NP 4 4 3 533 0
NP 6 5 3 273 0
NP 6 6 1 600 0
SP 6 7 2 538 0
SP 8 8 2 214 0
EP 9 9 1 538 1
NP 10 10 3 387 6
EP 12 11 1 273 4
SP 16 12 1 538 0
EP 18 13 3 214 1
SP 18 14 1 387 0
EP 20 15 3 533 2
SP 20 16 2 533 0
EP 22 17 2 533 3
SP 25 18 2 214 0
NP 30 19 2 538 0
NP 31 20 3 533 0
NP 31 21 1 387 0
NP 32 22 3 387 0
NP 32 23 1 600 0
SP 33 24 3 533 0
EP 33 25 2 214 10
EP 43 26 2 600 5
NP 44 27 2 214 0
NP 47 28 3 600 0
NP 57 29 1 273 0
NP 58 30 2 533 0
EP 59 31 1 214 5
NP 60 32 3 273 0
SP 62 33 1 387 0
SP 75 34 4 273 0
SP 78 35 3 387 0
SP 80 36 2 538 0
1
7 6 1