4
110 75
0 154 587 634
154 0 533 214
587 533 0 945
634 214 945 0
3 11
2 5
6 15
1 2
30
NP 1 1 2 532 0
EP 2 2 1 841 0
SP 2 3 4 678 0
NP 3 4 2 429 0
SP 3 5 3 923 0
EP 4 6 1 212 0
NP 4 7 4 375 0
EP 4 8 2 491 0
SP 5 9 1 646 0
NP 5 10 3 847 0
EP 6 11 4 299 0
SP 7 12 2 701 0
NP 8 13 1 934 0
SP 8 14 3 562 0
EP 9 15 4 185 0
NP 9 16 2 843 0
SP 10 17 1 142 0
EP 11 18 3 931 0
NP 12 19 2 619 0
SP 13 20 4 877 0
EP 14 21 3 481 0
NP 15 22 1 176 0
SP 16 23 2 752 0
EP 16 24 4 918 0
NP 17 25 3 534 0
SP 18 26 1 627 0
EP 19 27 2 425 0
NP 20 28 4 311 0
SP 21 29 1 862 0
EP 22 30 3 498 0
7
3 3
7 7
14 14
2 2
20 20
11 11
5 5
