4
110 75
0 154 587 634
154 0 533 214
587 533 0 945
634 214 945 0
3 11
2 5
6 15
1 2
30
NP 1 1 2 532 0
EP 2 2 1 841 0
SP 2 3 4 678 0
NP 3 4 2 429 0
SP 5 5 3 923 0
EP 5 6 1 212 0
NP 6 7 4 375 0
EP 8 8 2 491 0
SP 8 9 1 646 0
NP 10 10 3 847 0
EP 11 11 4 299 0
SP 12 12 2 701 0
NP 13 13 1 934 0
SP 14 14 3 562 0
EP 15 15 4 185 0
NP 16 16 2 843 0
SP 17 17 1 142 0
EP 18 18 3 931 0
NP 19 19 2 619 0
SP 20 20 4 877 0
EP 21 21 3 481 0
NP 22 22 1 176 0
SP 23 23 2 752 0
EP 24 24 4 918 0
NP 25 25 3 534 0
SP 26 26 1 627 0
EP 27 27 2 425 0
NP 28 28 4 311 0
SP 29 29 1 862 0
EP 30 30 3 498 0
7
3 3
7 7
14 14
2 2
20 20
11 11
5 5