2
98 73
0 376
376 0
2 7
10 17
6 13
30
EP 1 1 2 729 1
EP 2 2 2 214 2
EP 3 3 2 729 1
EP 4 4 2 533 3
EP 6 5 2 945 1
EP 6 6 1 729 12
SP 6 7 2 376 0
SP 8 8 2 214 0
EP 9 9 1 376 1
SP 10 10 2 648 0
EP 12 11 1 945 4
SP 16 12 1 376 0
EP 18 13 2 214 1
SP 18 14 1 648 0
EP 20 15 2 533 2
SP 20 16 2 533 0
EP 22 17 2 533 3
SP 25 18 2 214 0
EP 30 19 2 376 1
SP 31 20 1 533 0
SP 31 21 1 648 0
EP 32 22 1 648 9
EP 32 23 1 729 1
SP 33 24 1 533 0
EP 33 25 2 214 10
EP 43 26 2 729 5
SP 44 27 2 214 0
NP 47 28 1 729 0
NP 57 29 1 945 0
SP 58 30 2 533 0
1
7 6 1